-24 867 509 one
two -519 23 -577
820 -41 -252 three
371 -1 -53 four
-6437 -2329 3310 nine
-13359 42184 ten -51833
-62919 -46868 -82030 eleven
-88848 28444 42205 three
-97389 66268 70696 nine
98243 -91483 18270 elven
48606 -23091 -56679 48376 43711 -3.
-14069 49698 -70323 84504 86375 -0.3
3977 -56891 -62594 -53949 -32711 -2.222222
-57332 -55191 64041 9871 92185 -2,34343
48450 -93045 -70984 -57549 -49566 -000000.2121
41645 -46128 -84155 98642 -45793 -02.333333
49206 48525 -26482 -6879 34536 -3.44444444
26928 26452 57738 -79527 17977 -3.14159231
-6750 -342312312,31231 41116 -24932 69854 -73110 
-32131231,3213123-67925 -24503 -39178 -39702 -67869
-11111,1111111111111111111 99 0 25 -38 10 7 42
-6,0000000000000001 -3 -8 -9 -10 3 2 5 8 7 10
-3 -8 -9 -2+3222222 -10 -4 -5 1 11 12 3 5 4 7 9 8
-1 21 -23 30 3 46 61 62 4 66 -19 -7 -6 -10 33 48 37 6 -9 13 65 75 64 23 56 34 32 -14 35 29 36 19 54 42 -5 41 9 22 73 24 44 -20 53 -13 -16 51 43 -21 -15 5 45 60 72 -11 27 58 -12 47 59 57 -22 40 49 69 -8 38 28 63 -2 25 17 52 1 15 70 -17 10 2 67 74 55 -4 14 -18 0 26 11 -24 18 50 12 16 31 71 7 -3 39 20 68 8 -25 -1
33780 50271 3607 87414 39336 -13413 91227 63696 89870 -90930 701 -26192 69286 8271 42227 90831 -47592 -30073 76970 61745 -87189 57647 -66187 -25143 -50898 48736 92788 31682 -76805 -86587 77468 21388 -21109 -40950 -1788 -69686 -1760 9781 -8003 49724 56876 -3559 -98033 25946 80114 47604 -69345 82919 -1892 -84590 17364 -12789 99187 60707 81108 90291 63655 33178 -82355 -32797 -28468 3862 2731 -94915 59063 96158 90314 31187 -24383 44522 28828 -32030 1228 -64405 -83160 -71157 78935 -53730 -51643 16556 92378 -57047 -50755 -17226 57010 -83557 8158 16412 -99840 -27915 46263 -52561 -46971 -34843 3097 -35895 -52618 -24354 -16957 -38017 48736
-31174 -98998 -50586 -42280 -34529 -58415 -4571 -69876 26673 29447 -1968 37586 37565 -66988 -4015 -71367 -88592 -68226 61896 -30165 -71891 -67639 -84068 44100 71612 44095 86480 -91413 -83563 1044 5490 -78812 37281 -45941 71092 -53795 58678 -2465 69749 2477 -9273 -59642 50847 33534 -58895 -14008 40720 92600 -38666 -84908 16250 -21271 -78720 8636 -17580 -58927 -38800 -92745 -62497 -11940 18674 29838 72534 1325 -8125 28339 -57231 32142 -55821 -54721 59119 23978 -31586 -81823 -30085 44230 -89261 -70921 -35570 29796 -89144 -53374 -43309 26547 30624 -43695 -60981 18008 42794 89402 -99851 68759 6768 -32724 -10254 45442 93200 5405 -55209 12705 58678
-95679 29648 -63810 56756 60510 2743 -90562 -69657 -84026 98257 -267 79790 66064 -71052 -82044 23084 14330 -59721 -77630 83401 6310 30415 6720 -35662 9711 57663 12078 -21095 -21283 14714 -42036 52770 58213 -22284 -59832 -94402 -97644 -77167 -98797 18791 28973 21359 -75634 35689 -55768 21083 85404 70871 79464 91263 -91432 89945 -61545 -43619 -92174 18006 22336 -22678 92517 79832 59523 94763 -87448 -2522 -30120 -88761 77858 29990 4928 -66238 89608 -88839 -67644 -4314 -34881 9983 -70400 72805 -36981 8353 3918 55178 40008 -74603 -24588 -31010 -56872 35 -38759 47999 -31699 19870 24804 -39186 -90070 -9650 20090 53948 24414 -85883 -43619
-22228 80430 24144 -20003 8589 -13347 59957 -5241 53799 -14210 -31398 -6105 -5228 57503 48730 -18809 31363 60647 39825 -38652 -95623 -68093 29561 31080 74327 73957 1788 15199 68541 27174 -48754 -51053 -58748 25939 -95225 62032 75016 5084 46593 77393 -64766 -77520 33373 -6364 63047 85080 -58216 -3702 90956 36154 -60445 -4615 48899 -63943 42290 -42456 -53550 -53550 -84954 -45520 -94442 24506 -27481 -6544 88577 28071 78801 2154 593 54044 12331 41680 14745 3076 -36448 -29683 -65405 -69253 -26998 -19194 -53791 20379 96418 -80882 19507 6860 -55099 60944 -59611 -73091 -61380 -93595 -47967 -67030 -94175 -22402 59467 -27255 92261 54180 -41850
3410 -58803 -45653 48086 21591 43409 -27192 67593 -7736 -45428 3666 32026 -8640 -65882 9847 29111 -18472 44051 -18263 -83838 -96965 -22241 24384 64180 60598 -63141 -63807 -92252 -19064 66738 -42471 28236 50675 87536 -47658 -12412 -25474 -69549 -93386 32673 -61175 -91312 -76780 -75923 77327 25583 -33043 -72335 -59625 20337 -24851 44861 72475 -6583 -35031 69308 -72432 -24255 93623 -51634 -44566 -43057 25575 -51624 -39584 -4506 53779 57852 91229 47964 -17844 2799 -53245 33145 -29435 88275 -64019 96260 21622 -79657 -34813 13803 62602 -12733 60117 12701 -26274 -72530 25503 -75521 -79807 25008 39003 11975 35889 63092 -89152 -49887 -30052 -83566 -2147483649
2147483648 46812 -18864 21756 -27817 51980 -55543 18278 61593 54870 86382 51630 24108 70669 20783 38968 67990 40909 -88986 -88984 48382 -11661 -87421 38001 81870 86606 74779 -22112 -50010 70029 20479 11659 -46627 -6130 -77363 66262 -40982 -80554 47033 -31451 -78582 -50203 7189 -40979 -96425 -31151 -70683 -12539 -78996 99676 81356 -98759 3670 -82581 27039 15374 -91403 -86001 31436 -20930 -61007 -73095 15072 -72854 -87982 90726 69540 17429 -79254 -68434 -79609 80493 77748 74874 30444 -30523 34768 58525 13379 49341 81509 -36985 -28828 -1965 -4230 49835 -95646 27201 91838 -65872 -50931 -11199 14524 -1285 -36919 -65899 15726 -31215 -93433 -32459 -84485
-56288 73448 13366 83809 -56146 -33642 -34198 14030 85083 17823 68964 19599 -18437 97052 26512 34530 31147 20442 -66783 -38766 -38984 -57420 58425 -33816 -69546 -54712 48715 -79449 -57573 -84814 -6371 -85920 -64577 92846 16611 -1925 18630 -85809 67094 -93697 -35112 65326 44194 32373 29323 32475 -34207 -60833 -52282 -86089 12416 -92965 -3249 -38936 32079 -79781 32528 -43525 -69636 14859 -2797 87278 57697 33288 80395 -42904 -6656 -7725 96893 93043 -9615 -58696 15667 2147483647 -9458 70796 72596 50846 88839 -436 -23248 -11933 49786 80319 28216 -48428 -98918 -77692 -85618 15819 -80867 -62564 2147483648 -73466 -92105 66795 -83734 76704 56834 -97792 -96417 76268
15120 -29466 64921 -11110 13706 -76048 64188 -63980 53820 67798 -96626 -27328 -44739 59960 -3821 -92958 488 -95307 33338 -33344 19335 -17545 -50671 32702 -71528 -23652 3538 -32609 -75532 83451 -3420 -84661 63972 98793 19051 -36973 -89040 -72995 -21303 24092 -26986 -35955 -473 -14084 95590 -52965 31968 62084 19636 -9373 -35006 -88725 -44382 -21255 -20566 89165 -74652 -4852 52425 92141 46388 96734 42048 4732 -93116 43312 15145 -89450 -40558 45935 55128 57293 -42688 -12662 65958 -3648 53932 -56202 -17460 66493 -43431 -49546 -43433 13444 30953 25043 -75554 -19386 -64748 84015 -21123 59841 -55438 -7057 -86787 -65505 -36972 20412 -69733 72700 -2147483648 -2147483649
86631 56948 -61736 -9499 15169 10588 -73677 -32391 38029 -91251 -33284 57926 -62283 -9190 92249 -31344 7013 69800 61691 -64809 -87793 54088 -30451 -19880 60926 -23506 -51398 19618 8520 -53003 79750 -69889 76533 -51988 -95654 -78817 -26029 28368 -25676 -93349 79450 -67444 -43031 -56542 97343 -58973 -23314 -26546 1977 -43706 1402 78239 -46766 21642 14953 72647 40974 51126 -26840 58513 -18400 51095 -6696 -64447 50412 -23820 59965 59029 -22543 89600 15677 67605 63930 82606 9710 -10005 23841 -91252 78171 -92883 32274 2348 -42202 37381 81714 187 60623 -472 1803 57781 -17680 -59577 31085 -80624 60926 -24284 31402 50222 -72921 -91647 -12620
698 -494 -849 783 -487 246 672 759 -436 -704 155 -881 283 86 569 232 -419 939 -89 396 -169 -844 81 -327 96 -927 696 -183 -166 937 -971 -876 -124 -76 57 -646 9 853 856 -888 861 -938 510 -503 976 -851 -188 -529 947 -186 -783 593 174 -702 -84 -895 -418 491 -229 265 114 -322 -839 -764 -619 22 -148 -222 -836 554 198 -440 -815 -934 500 327 -570 -328 -424 785 460 -718 -138 -907 -64 -574 990 362 959 -932 -824 315 955 575 197 819 777 365 710 248 827 -911 286 -54 475 -822 124 104 -869 -988 176 193 -553 -463 71 388 125 862 -442 -593 770 -559 -453 631 -964 -507 394 -395 74 -548 467 -628 402 -434 462 -952 -499 66 87 -478 667 329 387 -862 527 72 -492 559 -135 -143 -771 -383 424 -944 67 -182 -916 -366 608 692 -749 -120 -480 -834 886 374 -311 -356 681 298 -369 -571 -190 -684 234 342 63 -536 -107 967 8 -755 358 676 811 -957 -590 -809 -160 508 -671 -937 991 -500 -13 627 927 313 530 -661 536 -310 -409 832 985 -142 -947 -403 722 981 977 884 807 535 -43 208 190 -373 -377 -877 694 300 52 529 -872 33 -794 -219 745 107 -30 -260 310 -651 261 154 913 -295 464 506 -164 -960 917 481 907 624 16 549 641 363 49 -576 226 -700 -958 182 -60 -962 854 -978 -629 -502 373 43 -495 652 -399 69 -145 224 743 -404 -72 659 -724 -969 -658 -642 -242 -663 129 314 834 -603 841 912 -315 -521 -772 -185 -793 -53 229 839 628 -69 359 -919 -35 -879 -519 -656 403 719 -761 360 461 -828 518 160 26 716 -172 -174 -451 339 815 687 -970 -617 -820 606 986 -461 196 -751 378 993 -645 -268 -23 660 712 934 -635 -569 -554 553 -259 444 -170 -997 506 -448 -431 216 -332 -485 -510 -886 346 400 489 -682 850 891 324 -208 28 -541 -147 -687 -454 412 645 -109 -106 791 -362 526 -808 42 537 964 240 195 -977 -967 958 948 808 -321 -626 -766 -848 -195 842 -847 589 -796 488 177 -578 -325 -443 -343 -151 -965 -941 -341 876 -65 -398 -573 -162 -733 169 -638 980 -21 -639 816 -475 -972 -392 -364 -344 723 -289 -105 11 54 -197 -996 502 -372 -625 -115 -126 824 -925 630 305 749 -469 473 -982 771 -926 -870 -792 -955 -291 -73 705 416 -358 -803 -486 -511 992 -405 -586 256 230 837 776 494 -562 -833 954 732 -806 -795 -986 62 562 -672 -158 -963 867 -910 -349 -81 -420 -867 782 13 775 611 -71 -278 493 247 686 987 328 -736 -694 -852 -555 39 -10 312 -465 38 -153 -714 820 -161 -722
286 254 -177 339 211 -537 -9 -120 630 -278 -766 -79 504 -925 -839 668 875 -598 -572 7 965 1000 971 575 -24 692 573 149 -86 -893 225 387 -418 637 308 457 289 657 756 -921 -472 942 117 450 -705 -366 -60 -131 -790 -992 738 667 614 -20 -136 989 -814 -478 -618 168 782 393 643 601 870 -646 -353 -524 -407 -765 -52 -408 493 912 962 -202 -48 300 142 -314 -262 413 502 79 -12 775 285 -340 -875 -110 -362 983 85 -84 802 -249 770 490 -800 -651 -290 922 -309 838 845 -872 716 -794 626 -554 -438 250 205 384 669 94 867 -987 371 -342 -989 -884 542 999 -645 263 111 -930 353 485 318 -637 -325 746 441 622 -111 977 9 230 693 338 751 645 -300 -188 5 956 377 -336 570 832 -837 -678 -29 99 82 -525 -976 921 -859 -889 365 14 776 -172 466 -458 367 -931 598 -222 352 -712 -740 428 -714 -304 803 -376 -529 958 768 235 67 305 139 718 -367 -158 653 -419 238 439 623 -953 20 -746 -102 -436 -488 -10 -247 24 -832 685 279 -913 427 998 -784 418 -129 -132 700 56 663 70 -949 722 -739 545 356 974 -327 -492 253 -272 -511 109 -305 926 -664 -916 675 -66 981 -365 220 794 665 3 155 -580 hola -343 -487 -546 21 -171 172 144 -732 -369 556 814 -904 452 199 -726 499 -520 633 -758 414 -191 -880 -491 -56 -394 327 -40 591 -211 -144 -460 -551 -382 744 -490 143 -981 -2 159 113 -34 444 60 620 64 -762 -393 275 923 -974 -303 -187 178 -684 208 -398 -486 -848 224 -860 102 -704 808 290 -662 -660 -388 -749 828 1 -180 882 512 -681 798 -194 -862 -807 904 470 438 734 839 -917 -885 301 767 964 -347 -432 -287 -652 -809 827 -81 340 6 -713 -609 119 528 -616 -231 982 328 -22 101 -494 262 -781 791 157 966 -630 880 -574 -592 -170 -209 -984 -159 89 269 915 -99 -185 277 411 -922 -622 434 -887 -615 647 -631 780 -542 737 -295 -857 -591 50 -993 533 382 783 709 680 -417 561 -932 -945 -690 -657 -51 218 521 -242 495 -824 -707 -189 -901 129 523 -582 800 -717 -46 517 86 -565 -345 471 825 577 -869 -30 -557 29 869 -886 735 -65 -566 888 -284 777 -958 641 -160 -575 -406 226 627 -519 -507 270 -281 -905 554 -570 -803 -617 -516 -339 731 -114 863 -576 704 -903 -67 17 62 508 219 -629 -812 491 -21 826 543 258 980 684 355 -564 578 -326 -223 -863 -368 994 -776 -98 -166 600 -708 516 822 -852 -982 -748 37 310 407 -745 -464 239 -756 22 35 -403 527 -954
-156 907 -405 280 -406 692 941 -737 143 232 -442 -126 -569 681 -97 895 218 723 -780 529 -509 -222 102 571 523 2 -689 516 -841 -380 -66 904 -95 -163 -978 494 324 -502 -578 -747 455 953 -157 -639 654 133 169 568 -220 962 -736 -258 401 -165 609 -507 -921 -487 -49 500 -284 -377 23 -548 647 862 -382 684 -712 -658 597 115 -402 425 134 347 918 -917 454 -134 -897 -685 146 157 919 -694 -474 689 -85 30 924 122 731 -83 -561 -948 391 926 -451 282 233 -600 373 506 -823 972 -116 545 -596 -374 161 668 -121 -883 -706 -901 870 -724 -60 292 599 247 -217 698 477 -684 515 138 884 466 535 62 -762 -819 -790 -268 -644 642 -337 -206 -825 467 -43 -659 -761 197 601 805 -849 34 397 -738 -300 275 -625 -460 -637 511 354 -205 -938 954 803 -240 779 46 716 -305 -872 -339 -225 -28 561 -593 80 -803 -728 888 211 -664 -701 -956 721 438 524 8 799 560 219 493 -874 901 -638 259 399 262 -900 977 380 893 -280 -202 847 464 575 137 55 -871 -512 -848 -274 927 -582 825 -70 -149 865 891 616 -108 -461 385 947 -650 700 -152 -77 -216 -558 995 -680 807 -356 637 971 687 -489 -249 -695 -635 481 848 160 886 58 -478 -11 986 -615 961 -340 -41 -821 -20 -480 -602 -137 823 -887 811 547 -562 -641 937 -630 -286 -424 358 -533 903 185 -744 338 743 -634 -172 88 990 -587 595 -783 -488 -833 -972 334 -652 -613 -261 527 -741 190 332 -429 686 -53 -937 27 349 -939 -892 920 343 -920 648 -670 422 -14 437 144 718 432 790 872 445 -244 -9 -538 867 -393 -518 -50 786 -433 -618 820 778 -648 436 695 47 755 -12 -691 749 934 -997 -386 -201 -980 -828 -647 -234 206 -913 264 -749 -757 -788 978 885 154 -873 991 842 630 473 -371 281 57 -288 -477 -806 -129 450 484 -439 -810 -37 -994 -668 104 89 -56 242 -357 793 996 -425 398 -72 85 785 945 -294 911 -964 809 712 476 -145 -247 -187 174 202 207 631 -766 -898 -860 -437 172 -485 119 201 579 344 -950 669 707 883 296 742 -784 -516 -7 -723 -862 -623 -52 111 171 591 677 -580 -868 -88 33 297 917 -893 863 -586 -462 492 -568 703 -304 40 -626 608 815 -935 -665 108 257 -545 -179 -454 435 351 -952 678 -440 -174 302 -441 659 -396 339 -756 812 -559 -878 -27 -962 -903 51 -107 -998 293 39 182 -544 699 -791 848 -418 980 841 -769 393 129 834 -173 -170 246 680 -435 68 -698 662 -976 140 413 -467 -570 -239 284 230 728 816
74757 39967 -88505 -27317 -16957 -10158 85749 -54429 -35168 -55426 59956 18133 -15847 -33126 -61610 61686 45146 -90545 -23069 9579 -74588 449 58855 1231 -47465 -1183 -53013 63724 -1031 93451 -62180 36717 35564 -80572 40445 68795 -10556 -16168 -46596 6686 6957 -83197 16849 78642 -84764 -59426 -69383 -78318 -74034 54067 -66727 78867 54794 -38759 -49863 15729 -48858 56899 18905 -64655 -70688 -71655 79134 -99892 -34808 1169 56452 -19627 54189 -98914 -68236 -64265 24612 7930 47386 -45617 -7254 -4849 68350 -61310 46525 -1792 87179 83188 55909 94954 49469 -82430 -43928 -17406 -92731 60917 -57471 74587 -62558 -25893 -76912 41687 58598 51065 94365 -99705 -84079 -96533 50909 -32738 -28878 73484 -50536 -98915 -58489 -70797 43881 50051 -54332 -20438 78698 -47455 -38393 -57059 -58204 57978 67561 -66132 44992 19867 -58643 -52354 -93047 99899 -41142 -61235 9191 42292 -98908 35431 41776 67475 57868 39078 -51666 -55967 -90453 -57327 -69258 38666 -29933 25788 93995 39459 60904 -71383 -57726 27779 -98154 -99600 -67100 58826 92626 21638 -73537 28732 -29207 13407 -14563 22933 -9034 90132 -66972 -40768 94614 -41083 -66504 -85844 47489 86913 -62764 -3004 -70979 -17472 58174 99490 -70297 -95244 -10057 -25443 69791 25036 92721 26408 -72908 -89438 -64039 -38440 96916 94646 46237 -95222 -5494 -99632 25879 89760 37512 -55569 94500 28690 28810 67011 41287 76211 78790 77908 54617 -38936 -60768 9118 -17819 44254 -56839 32975 -33086 -98537 28552 -78421 69712 65121 49647 -59213 7043 -83750 89404 7617 -9411 -49477 74164 -47474 34083 -2461 62327 79210 6462 -47632 -18290 9716 -48117 56415 -59350 16421 -48490 -11734 82556 73462 -11306 -2990 -94724 13881 -92796 -78929 85780 -44743 -39184 -87877 86805 10036 -59034 4574 -70334 57673 44285 -29786 -43711 -62612 96254 -92625 -37052 -68173 -63737 -55898 20713 -4410 -47395 -26772 -29265 -97289 14244 16654 -39840 26484 -66669 -94021 -4587 81370 98484 -10738 63066 20745 96472 54815 29893 -11251 36364 -97975 -70343 -34312 -18548 -64449 -23658 -4356 17905 45981 4035 -38332 11989 -85712 -97663 -11005 -93722 -94039 71871 7850 -64839 -66270 -82124 -84364 28251 -15689 -36097 -80650 76820 80750 -84504 94726 -73498 90618 75047 88401 -94278 28492 -90876 98048 -85277 -23138 -73132 -55957 91203 -87814 12855 15516 -12549 -81635 -91805 7248 -64837 17299 75798 -24948 -2448 -56659 70493 78189 -19792 43240 -33332 18110 -27189 -4088 -10414 -21210 -67662 1594 -23697 65875 -91021 9569 67721 4205 -68970 -77127 -96032 45042 81850 -61927 60193 -27972 -59915 58665 -46771 3143 -85448 -8737 -50630 53233 37227 -84739 1344 -47188 -3994 -92790 -23791 96252 19043 -45014 -46235 -47572 -83819 40628 55058 -24070 -58237 82467 22673 -10207 -66185 37259 -74235 -98200 -94358 24639 -48054 -50522 12387 98592 -60490 14934 -91722 -54269 -63179 95983 7315 -95803 -66924 70521 -91546 -83822 79628 -34246 37810 -17379 -75724 18336 -56853 92756 27631 26737 80040 -30867 -21207 -14637 -16373 -47008 -10685 -75235 -12692 86533 25335 -95112 71520 46681 -55692 -19008 -57972 96122 -19751 -56240 -65507 32621 -99270 -18003 -36767 24020 -46925 66474 4611 -24209 91160 -64258 57313 -74189 -23186 -94708 -99762 2104 97315 36937 69143 40745 41082 11961 -4800 -87983 -37706 -14121 -14914 -9417 59683 18731 -47567 -40747 82745 55439
25737 -74851 943 -47489 39779 35031 6876 45065 70472 -67650 28062 83390 -7710 61175 91346 -6992 -59345 -50198 -30399 42956 -18064 -74587 -53858 -92484 33614 -13544 89241 7607 -37002 70723 321 -45925 81165 50211 -46999 -28584 -29944 57457 6472 27111 -23009 66129 77968 83969 29826 -69637 -53333 -61723 72968 98056 50434 82223 89242 -90456 9265 -42279 58043 71501 43795 90780 1131 32380 -2614 -69642 -89627 81088 51542 20254 -23510 -27298 -6271 47630 54873 -68817 69796 -42567 -12455 -33116 -14683 -15008 37711 -33011 -95444 -77624 -64212 47582 47325 46236 -47372 93235 4007 -63173 -70162 -68092 89067 2712 81788 18065 45923 66797 -16128 -49852 42170 83806 -64726 32985 29924 -78924 67616 -40677 -56197 -55756 -41819 49353 -55591 -87427 16090 581 7265 97041 -83392 -79797 59261 -3876 -43991 62981 24881 2096 -25166 -60987 -88958 45665 75306 90239 -88459 -11423 -77899 -88119 91503 67019 1094 -71190 31965 -53985 -58118 42237 -367 62058 -63555 39090 10421 4267 30592 -25140 -73900 -46160 47805 75410 51264 8046 -3807 86500 -43334 36267 56338 83667 14768 -7169 -33210 0 0 70682 72349 -46474 -50799 5275 -1630 -85947 39260 67342 84344 -70976 -33332 -9263 8600 -19100 6511 57420 19033 -9858 61345 -97644 45164 59601 82039 78342 50575 -62147 19286 78650 15810 88124 -33865 57759 33017 -62762 59210 -64799 4686 -96746 58655 97142 51637 -54052 50709 49879 -99454 -15766 9541 27876 -28956 -40833 91315 -36304 1578 -52417 -28944 60093 -67432 -15902 29855 -20705 -41760 -57922 33065 -12543 -35084 93682 93984 -18421 29864 85043 69382 1664 95745 -6557 83185 -98046 -26443 99544 57048 38878 99809 61304 65713 -48721 88489 -70717 -29981 -43364 -94160 -44178 -75583 5159 -74452 8726 57403 -63712 -6222 70385 -6828 -6137 95068 -75991 46907 89558 -21361 15372 -38797 56041 14541 21473 -3994 51479 67901 18249 37633 86975 4292 -991 -40766 60219 59125 27632 -50788 -91859 -10511 85597 -83878 4664 11311 70370 -53186 95040 59318 -23043 -24040 71954 15958 -62272 23958 50407 7982 -81612 -31910 -50228 27434 -82490 26236 67999 45619 49901 -157 -16263 -21046 -262 91827 -38289 -41552 40277 3655 -60759 49792 85444 -44469 69980 27329 99599 -21297 -50902 -183 -99325 -9144 80649 -10670 27664 -4619 -26108 -19483 39122 -23640 46150 67453 64335 92997 -90464 -35174 55831 69711 -87445 43743 -18617 36037 -78732 90989 20067 52467 -34762 -16565 5063 37318 72340 81935 62336 -87998 25849 -90796 -36580 -85673 -18548 -97992 93538 -97188 -95601 -22447 84701 -56151 -3773 2971 10539 81718 -16297 -15563 -44690 -15826 -2740 -77348 -10241 -54894 9225 86013 2900 18144 57910 -67766 78093 -27693 51781 -31921 -22822 -60240 7578 14088 69717 -28618 83708 -32281 -57778 26238 26181 63221 -52923 99248 -70392 59426 -28674 -24465 -87653 -43034 1596 25238 -16851 -61884 -45249 -92973 -92898 -49025 -35093 5680 -38350 -52395 -90325 -7589 -38755 81522 -2873 -43500 47987 46024 -20495 6253 -30776 74360 71456 73306 96626 -77711 11184 82542 -27675 -99922 -60262 76872 -18384 -26577 -43504 4507 -35164 -15023 -58379 -79193 2837 -18330 -2317 -32909 -68542 11597 -47265 -74723 -51216 -97906 -76754 -29805 -43405 -98408 -52434 -41240 72732 68464 -69876 -29297 -27083 61977 86384 -45280 -78104 86577 -64375 7069 850 -88358 -80404
17925 20950 -45844 78387 -23047 60376 -92265 12528 91932 -73802 -91281 81486 -25747 28441 46527 -32826 21216 -79205 80604 -84604 -8527 38259 -46711 33367 5979 -84640 18938 45007 -87185 -53223 55175 35082 -10570 -72434 26827 -71335 35966 6205 -14204 16538 -71731 26153 93984 17730 95422 -85820 33402 45518 -86513 -76682 28463 6910 70834 71903 -44374 -42965 -5782 -69680 -50367 -83772 -38218 -92238 -60637 -22664 14576 -47914 -78680 -5475 13424 31683 73818 -28915 35930 -54421 -18766 40852 -78497 57878 44713 77342 86315 -40557 -79912 -2066 -98422 1194 -43250 44483 74269 -23913 75967 32375 12800 -26405 16786 99948 -96845 33292 -84529 27948 17170 96317 -25915 88150 -99606 -77515 62689 -6732 -14197 12949 99066 -19300 94144 84678 -15150 -40081 -54742 -51068 -29831 78960 87693 23147 -68472 -73153 -83768 -67046 -74234 -67125 -86724 17626 66472 57271 -35558 12939 97241 -21639 86185 90880 82922 -42907 68084 57629 -45249 1851 -44024 -23308 31522 -88731 86470 81344 15010 -40577 -42828 83 19563 68773 26022 85374 -85072 -54497 15624 -14257 -82954 87700 -99311 -50850 -71256 38864 28189 -82509 -58689 50197 -12089 -64328 8251 -18275 25222 31881 71779 1566 -52365 -17705 -8902 -70375 86807 -36777 80311 1534 26218 25598 77641 -13180 9598 -65369 -6271 -29532 23154 -29747 -301 -66692 29808 81634 61047 -15968 4101 -69838 24077 8824 31008 22062 -38202 1466 -81988 -90960 -82787 5728 -92015 -9855 78404 -81695 37964 68000 -82683 -21797 -62165 -18814 -17100 -88373 -68738 -55172 -68261 -47607 16664 67168 -79806 -16430 80179 29699 -38460 -53998 45336 -90352 39103 -21540 70095 10854 -7732 -62240 68421 23609 2805 -34792 -95726 -79506 -89149 30773 -97378 57927 17868 93302 -512 83249 28006 -86947 92161 12031 -87459 47665 -47795 9093 -73722 30263 -19468 -28930 -1891 54461 54868 57723 89951 -44248 -79471 -33799 99359 -49456 5646 73770 -60344 -57351 -74452 -23544 40911 -12349 78692 65515 84057 25469 45738 25916 -28021 -85661 -73216 92589 -63137 10598 -75330 -4258 -39266 -34952 28283 98469 -15326 -10551 62831 91301 79277 -68507 -1096 59890 34490 29278 37413 65189 -28146 -32822 85073 27139 -79573 27370 -11376 36112 -69924 12365 -407 -76518 -46747 38131 -80864 -29839 58656 -24661 41496 57377 -6522 70998 -84916 -15057 41726 30787 -89442 60402 89955 -21161 78228 85960 -36412 -55975 -87519 84334 84546 15516 -16049 -33063 -69940 -93654 -11188 -82794 -35022 67202 25770 59507 2929 -57783 -68585 52102 -33956 -19957 -90293 -21151 -49232 -91960 42751 61814 91297 -17932 81162 86049 19962 -62700 22788 91888 -41437 64016 87871 37897 52771 -25754 42794 -9448 70564 71593 -46290 -63594 41004 -19088 -24556 53462 -98167 36957 32696 28884 71496 85380 -80272 -13701 -3720 -61326 59885 -76677 -71638 15534 244 -80823 -78144 -97172 -22196 77411 -16532 2312 6772 87956 -19400 -17043 -908 4719 99395 81566 -75833 -79780 -20578 82826 -31903 90553 -53511 54419 71676 -51287 -36369 157 98372 11540 53886 -632 3884 36373 -85794 88853 -86027 33310 -74290 -80330 59128 57270 -35199 -28895 57408 -39280 -4411 62843 -34510 7340 -45495 83772 85601 -88280 38872 -15501 -3371 -75622 1573 56694 -54589 17033 4975 -34188 28008 -27112 -4881 87855 38864 35558 20807 8715 -3729 68916 -99096 63440 -5610 -55498 96176 6564 75597
24810 78226 -46264 -91380 4042 -94348 48705 -38649 -58772 6338 -75201 40379 68719 -77816 -65186 -71948 94106 -872 5571 36280 -30185 -80982 -67644 -51573 -87125 -69994 699 56970 85377 55358 71546 -12829 97236 -95470 74973 31904 -47220 17861 -83357 -61048 54529 -39941 97816 70207 30016 -85337 13213 87242 -14166 71794 42120 84521 -43606 87819 -65989 6027 59079 -28787 -38703 -9134 -44386 26045 -46455 -19119 -90357 -82029 -75395 92404 -81710 82194 10173 58131 24551 50709 97052 6399 -70034 59333 -62555 -73456 -36004 -60430 -16830 27985 41180 -17050 66248 62279 59494 -31994 91270 30831 -48240 6621 -42899 -2073 68004 -38533 -82103 3032 -3786 92216 -22615 -62099 11602 -31936 27264 92951 54196 -37390 -21329 -75846 63070 96060 -69336 -98755 34533 -52874 4621 -23323 -46631 -41331 -37269 63128 -65483 -80438 -46069 -91725 14522 -70099 -77465 88210 33974 35324 -18333 56816 -34786 -86131 25427 -53005 -89539 -12022 48865 -3250 27994 62715 -76113 -86237 57268 31383 94633 -15848 -3360 -2245 48624 -63322 48225 -34580 28034 7944 -64162 21694 81421 -80046 25448 -47168 40759 39133 -99180 63056 43145 90024 73506 -704 20155 -81094 67501 11662 89793 66433 28150 -95246 10582 11345 13557 66976 -6975 -41299 81908 68779 -57340 -29933 53844 -79103 54034 13246 -58810 51111 78887 88135 31177 40045 99603 -15773 -91253 -49539 -86100 33089 69144 -60171 -6369 92635 -17222 28567 96919 -33976 40687 -91594 84235 19270 55384 -52341 60319 -72137 26708 66149 47500 18596 43299 92787 40630 57446 -41452 -59853 -8238 76847 95698 -92663 8718 87317 -81757 -92231 -10904 66974 31483 62076 2568 97481 85879 21213 -70465 -4940 -34110 44818 47926 41915 493 63248 96499 71583 72406 -24640 -80628 1227 86012 -56064 -37892 98945 83764 50943 -72019 20116 82382 79272 -10615 -38778 -50201 -56289 -4015 -56403 -83955 88957 -58041 -42956 -80773 57285 -85435 15500 -23123 -72142 95281 20102 91126 -85140 -93407 91299 82188 -66086 -38734 -82180 9965 83571 -76545 10778 17815 -85771 -63117 32137 -99962 50628 58314 97231 24479 -46929 -27431 -10019 18365 -41707 -17791 -81752 -94453 -64702 70565 14782 -9958 82608 -77423 95987 50829 846 -9395 74968 -63412 65424 -98538 -66019 -72659 62328 39100 -17235 -93699 -93497 16268 -13629 15388 22614 51316 -9283 -53683 -93132 30890 11309 78817 -59622 -74715 -35835 44406 -6623 21368 -8490 68489 -93092 -45607 13297 85130 -16963 46200 55217 17525 -62162 -59201 -71782 42234 -3028 25474 -87178 -29822 -89645 -92739 -11360 49908 -67120 447 -81589 -8629 11644 -95636 -13750 -42107 15210 48274 -33895 78446 50329 -14003 72951 -71435 -78059 -99340 -87728 81306 -33649 75816 24472 42871 78202 -89196 -65878 31649 58354 -96347 86361 -52997 -89261 91332 1944 -55472 -39210 83291 -65724 67001 -77759 5875 8863 -96580 -40833 -35303 10163 35746 36134 -52574 -39945 5615 68498 -30962 -57165 -77298 -17185 58461 -26400 68684 25373 21999 96257 48774 -24890 41045 -46431 -59501 -17170 -11538 2273 49031 47879 -89687 -90957 41885 -12916 -27606 -59715 32940 24340 -88591 -12059 -41763 60400 -16769 85481 83133 33208 58390 79657 -54380 -83801 -66088 -190 -16125 -41818 93228 -64810 -93885 -39463 37517 49588 -82951 5393 -12501 -7600 42911 -89434 16109 -38696 -73046 -40908 64716 68354 54486 18003 -32138 -10845
89754 -19681 8739 95645 98916 78692 -64292 -32978 90165 63792 37990 59302 -10770 4224 38196 58272 -1265 67212 53330 -99990 -63334 47351 -3971 51046 39785 -36403 71053 -95051 -34701 27185 -17237 -8907 -16499 -4451 -58741 51535 -7565 57837 -48166 85183 -96258 55921 17025 -54316 82008 -85929 39002 -90700 92106 -29583 90127 16846 -45549 64044 90627 -40242 67913 21534 -91421 -60758 64714 -82676 -48519 84969 -58183 -80783 -66409 76038 -48711 32842 22935 47673 32774 -40678 80232 22303 -8327 -45275 2012 -12159 -39296 80120 33307 -88317 -29887 8929 93869 8512 -78863 7848 41364 94670 -96878 -17709 40434 -65388 -33092 -18039 18028 17321 52894 43971 -70334 17489 40546 65887 16486 -41638 -55327 -75093 35563 -32742 69163 32066 7072 -62377 4191 -50791 95981 59323 -78889 73108 -85608 -56831 94268 71743 26120 -52816 23205 52134 -67688 77121 -2138 -77920 45258 -28900 -10702 -8762 19181 83015 83962 83381 -50848 26520 86668 11174 11958 54610 -74426 -54520 28112 -7004 -2915 -89668 -43678 98011 35099 -1720 -96870 -41639 74444 55788 -14306 38129 -56030 60525 -67671 74880 99862 74325 -22638 -41745 88182 37872 -38198 54214 33660 16409 85162 -69991 -72513 -97664 -99665 -62375 -58987 -99254 -30719 38747 -36937 57109 98324 61418 74022 60962 66197 -67545 67228 93612 -64711 -38522 11499 40110 -47724 -20226 86277 -75439 -23001 -44863 4964 -83357 -97496 82150 -63918 -31512 39360 6200 48367 -27641 -42732 64928 60775 -91766 43100 2924 53490 -93540 38599 -61475 -31405 14597 -58894 86953 -8394 83843 -83126 -68730 86700 60225 88418 33911 45206 69648 45714 89131 4434 -27446 -46163 6928 -25887 40923 8223 1864 19712 82110 48228 -89087 50779 -32781 63137 -19666 -80127 -69255 87367 64916 27977 81656 -27902 -42680 -77868 -48153 21576 -36552 62135 -3893 54860 10678 -95297 -49570 -80843 -63842 4218 74862 98783 -22393 -37475 50053 22184 -46468 -45186 88015 10681 -34217 79970 -70877 66936 -92859 -73753 -16400 -22765 21244 20878 49283 -63377 -61236 -84566 86243 -42927 -58547 87630 87538 65149 -98991 -48749 14778 -34047 -86162 21106 12870 -97116 -77452 -69214 4418 -95291 54476 9408 -21035 71144 7197 -33411 -13911 -67099 -21117 -46865 6515 -13920 -87752 18396 -47737 26172 -54562 -30266 22244 -38290 20219 19629 17591 -42688 -25258 -35799 -45037 -24107 -89036 50844 95506 15972 89297 58997 -59430 -17004 77059 48777 -8546 53999 68578 -76078 -93083 31677 96458 -72826 8844 -4706 -18262 -77506 83072 36103 39205 -95663 54987 -19267 56563 -76690 -67679 -54062 72220 -32741 76662 -37331 89366 78081 -6972 -30381 97904 -81709 -43982 24976 68928 -30544 -2338 -32173 -4032 -5457 -62917 94807 87776 52826 -98237 -96836 2377 94809 17727 -56050 -18007 -66289 50675 55297 -81068 -47688 -19449 -67766 -36757 33650 -99968 21912 -11277 -16087 63729 35243 -63636 59093 -89729 8835 52007 7119 35153 74642 -67555 80588 -52672 16071 83209 51146 88097 -34205 -66333 99580 20113 -96958 -35150 -14079 67881 -52942 28535 3495 53575 20675 82152 19708 61877 59803 72898 97486 -52946 -76960 5399 22593 55415 -88064 9825 10989 21139 -92605 -79647 -48231 -8633 87940 -74126 -47987 -71582 86200 88223 -4044 72056 -91150 27057 42240 -3481 -21521 -8373 770 27066 -57648 14144 -22638 27153 -82310 31630 14573 -56221 81187 3918 48190
37746 -80500 44461 -80356 -94734 -75069 39306 -95927 -57253 14369 -342 -32194 32258 99591 15377 42142 29503 -86310 -35472 53487 -66628 60226 -11244 85253 -95922 -88067 76542 43630 78103 -92672 -56918 -99071 85903 -30887 44472 11356 -24347 -87972 -99548 -80425 -70442 40704 30682 -6836 54427 99476 -37249 -81028 -44158 42351 -21020 -92363 -55696 95187 -63485 57296 -3154 -91068 95198 66908 -32129 52379 -43458 -8456 -66669 65821 93437 98110 4696 -50476 -43764 87718 75606 78792 -24452 86978 71066 15236 -28348 -66017 -76627 -28569 -94103 -76091 79444 -93087 98174 -88701 -23682 -37932 -11413 -33764 32971 -59197 -74771 -92441 -31723 -77717 -81697 71565 6210 43235 -72382 -46631 90247 63949 -80063 -83327 -87992 84975 -50830 61044 9792 -3992 72755 89075 69698 -47999 -43005 -4732 -47614 -9693 76590 7517 93913 -39405 24164 62654 45963 -24141 37839 -97794 -22253 -22176 73221 -60617 7499 -87852 92922 15585 8327 -64146 96496 65867 -72709 88531 51416 -90741 -4960 41785 32789 84301 -81086 -68654 -30094 34517 66803 -47604 -44111 -20964 12114 -20281 -80218 -48633 -44653 -51998 55003 -14312 -57556 -36976 -3259 63018 -97170 -43970 54634 45330 -94447 -1166 -56365 36490 78566 15703 -12714 793 -20043 79230 71047 46030 43878 65992 30630 -2022 51556 -69500 75 47610 -88351 1028 94954 95080 11223 25121 -18097 10574 14366 98830 78868 -31976 30367 94210 480 78303 -56535 -14773 -51540 45837 56154 15911 -98862 69326 -63809 -91997 -21240 -84950 -32738 -10110 -96925 -95343 -94184 -83600 86271 71286 -89942 -35542 95011 97868 2024 -39568 81240 -88449 -28182 -39714 81332 46517 9878 -1158 -58557 -51585 83957 -63541 -80573 76483 22422 88921 46040 77253 -48629 65276 70086 57011 -41307 79583 -81044 37070 -72750 -77404 24717 -35583 -4404 -68013 -2081 44777 -26717 32754 -44555 91153 44399 68225 12152 -63751 -22995 60183 19 -9068 41694 88777 37364 -60442 -18976 -75597 93387 -98246 45852 57040 -53571 -80911 99135 -74722 38296 -41033 10457 -22297 -46573 17133 54022 85718 90783 -5263 -30610 -34606 39785 -3762 3046 65509 8549 -36227 91844 -72371 93341 16013 -25525 56104 37290 63060 57655 43001 -3684 -48884 12610 7626 53128 -84438 -78597 -17813 -22202 -4767 57505 83417 -15913 -70005 -1053 77813 -43178 81497 22027 -86958 87211 62938 65028 -10983 135 -77306 91554 63151 11363 -80882 -270 -9468 -78095 9414 -8816 -30142 58989 -6353 79492 -64053 34019 -42962 98128 -55148 -47089 -55517 -66314 -74085 -30518 96722 83796 -48322 49449 -87947 -68622 -44221 54540 48293 -60986 -45055 -9066 97737 -31424 26937 1202 -19856 79201 67923 61836 99763 27834 6757 1510 52194 22439 -36130 -77813 95781 -71748 -8135 33639 12056 5948 20314 -18179 -32473 70270 73048 -54161 -28981 -42688 -57340 6635 72723 -5883 943 21111 85906 56908 71982 56231 30686 78466 -97317 -30413 -78435 23401 -12225 -29590 -29590 39350 -96810 67718 82304 -58435 70518 52262 -32177 77436 24121 40160 73805 60390 -74096 -52223 84014 67298 -14754 63916 -86406 51434 14260 -10531 99425 -29420 82281 -93268 89597 -15313 44304 -26503 4786 42340 4529 23091 -1748 49295 70484 -80651 67927 -7506 -44198 -30712 92444 -90793 62194 75698 -28587 70714 -45934 24851 -83351 -62469 -34838 -24084 72849 76600 -49139 -91396 -89592 97192 32625 92176 68392 -19048
-57512 -48221 -33479 -34178 42714 28494 -5071 65922 -27408 37529 61127 -63565 58175 -37245 16220 -26468 7868 9242 50443 66221 -8935 143 40427 36577 26307 -19063 10239 -33264 52616 78460 -66954 -1155 -37379 11534 83848 74147 61139 -70738 -57491 -55423 -14975 27927 46401 32145 -54354 76806 62475 -48091 82168 -11003 92009 -3268 70098 -30444 -36563 -30395 -25278 80060 26278 -70946 -60895 97403 6264 23530 59280 43676 35712 -97002 79690 -9132 78971 14976 -84864 -71792 -54362 95119 -24620 -79949 -15750 76970 85473 13320 -54842 -99228 89320 -36499 -91092 -84270 -8820 -71105 -48440 46694 -10784 7240 26037 -52016 22445 56413 -35518 90946 -79241 -64312 53516 647 -35615 -19910 -13483 44397 61802 -34733 -77826 79371 85167 26939 67431 -51450 -31135 12817 -32664 -82379 41489 -79308 97740 64504 -26389 -79210 -20260 22534 -74373 -84117 -50049 -82391 8528 -37895 -90942 -25859 12252 -94708 -82851 -46293 -13066 17589 41086 -35784 45990 -55574 -41942 -84494 -33841 77663 60333 6290 34051 -41134 -27137 44501 31259 -31450 -24032 13790 45087 -72181 -3932 -45130 70259 11475 67740 2281 -50412 0 79215 94547 -67439 -59471 19564 -64671 83456 -36832 11513 88477 -83365 35392 49946 -42289 63488 54791 39034 9297 4132 -22267 -75595 -98747 79261 -32087 -73647 1160 21299 63611 -34140 17748 95414 98275 95064 35891 -93765 -98893 -94402 -94418 13488 -52290 -42448 17915 21394 -19349 91289 25753 97934 28581 -24522 25492 -8094 -89560 50892 -44394 45411 13137 -68767 -82855 -68340 -93058 -1059 -51164 -53065 -16491 -35741 -42385 -26033 -72264 -92598 -830 -24854 90203 47523 94615 -94188 54203 70125 -56644 -96772 35029 -76208 -33958 -24270 29020 -13129 41640 23705 39287 -13155 -21669 -95916 -70544 -3637 -39470 -59270 32477 -804 -714 -79867 68325 28183 5086 -43278 80678 -60583 -63275 -74562 83864 -33140 4767 84556 -78182 46902 53529 53255 -28011 -2640 -77564 -60909 3094 -53955 -517 -52815 89344 -53548 69143 -29619 -8278 51192 -97058 84499 -94607 -22073 43439 29807 -47490 -78407 35025 93099 -135 -4182 -41821 70829 21140 -90751 14858 -13458 94634 96011 -88270 -10939 92076 -4440 -80154 11937 79500 4428 84996 52344 -49528 -51147 -72365 6911 -13397 -19916 -36681 26232 84623 46524 -45613 84260 68871 70592 -1615 54211 -38340 59567 46328 55929 -1246 -85400 -40283 -7219 40201 74243 -19636 18390 92036 998 -94570 1572 15012 99267 -91793 -20103 -76015 -36912 74076 54954 94844 55249 -43777 -50041 -29575 -67697 -45849 13548 70080 15736 -83549 -31031 23010 -24248 22191 28402 -13388 -34303 72475 -10019 -43414 -51936 28521 53830 -45507 12502 81899 -31595 -55848 -44898 14826 -40654 26954 55818 70549 -98190 10672 -63246 32009 32402 85544 82699 -6491 6430 -57906 -24564 -46285 -67849 14700 1367 84466 27191 93018 -59286 -65889 -87927 38070 -46678 -83924 -91206 84720 -210 -56300 26455 -38222 -73447 -9405 42559 -83162 -59105 -29596 -38619 13619 -42102 70361 70361 70361 70361 70361 70361 70361 -78847 -59862 -40166 -71470 54802 -38550 -98350 -90165 -42000 80959 35965 -17258 -59535 -25510 -21686 48795 89298 -75604 2303 40946 -29376 -45229 -95206 -54493 16353 -88940 44553 47024 -9717 -81277 30716 -16098 -50274 -27903 -92670 -50940 35403 -24948 2268 -45530 82055 93026 51218 -60302 -57543 38278 -77145 52076 -37438 -3450 8643 -7284 -4326 -65852 47713 -90494 -91800 000000000000000000070361
